     0.000      -0.000000       0.000000
     0.100      -0.000000       0.000000
     0.200      -0.000000       0.000000
     0.300      -0.000000       0.000000
     0.400      -0.000000       0.000000
     0.500      -0.000000       0.000000
     0.600      -0.000000       0.000000
     0.700      -0.000000       0.000000
     0.800      -0.000000       0.000000
     0.900      -0.000000       0.000000
     1.000      -0.000000       0.000000
     1.100      -0.000000       0.000000
     1.200      -0.000000       0.000000
     1.300      -0.000000       0.000000
     1.400      -0.000000       0.000000
     1.500      -0.000000       0.000000
     1.600      -0.000000       0.000000
     1.700      -0.000000       0.000000
     1.800      -0.000000       0.000000
     1.900      -0.000000       0.000000
     2.000      -0.000000       0.000000
     2.100      -0.000000       0.000000
     2.200      -0.000000       0.000000
     2.300      -0.000000       0.000000
     2.400      -0.000001       0.000000
     2.500      -0.000001       0.000000
     2.600      -0.000001       0.000000
     2.700      -0.000002       0.000000
     2.800      -0.000003       0.000000
     2.900      -0.000004       0.000000
     3.000      -0.000006       0.000000
     3.100      -0.000008       0.000000
     3.200      -0.000011       0.000000
     3.300      -0.000015       0.000000
     3.400      -0.000020       0.000000
     3.500      -0.000026       0.000000
     3.600      -0.000034       0.000000
     3.700      -0.000043       0.000000
     3.800      -0.000055       0.000000
     3.900      -0.000068       0.000000
     4.000      -0.000084       0.000000
     4.100      -0.000103       0.000000
     4.200      -0.000125       0.000000
     4.300      -0.000150       0.000000
     4.400      -0.000179       0.000000
     4.500      -0.000211       0.000000
     4.600      -0.000247       0.000000
     4.700      -0.000287       0.000000
     4.800      -0.000331       0.000000
     4.900      -0.000379       0.000000
     5.000      -0.000430       0.000000
     5.100      -0.000484       0.000000
     5.200      -0.000542       0.000000
     5.300      -0.000603       0.000000
     5.400      -0.000666       0.000000
     5.500      -0.000731       0.000000
     5.600      -0.000797       0.000000
     5.700      -0.000864       0.000000
     5.800      -0.000931       0.000000
     5.900      -0.000997       0.000000
     6.000      -0.001061       0.000000
     6.100      -0.001124       0.000000
     6.200      -0.001183       0.000000
     6.300      -0.001239       0.000000
     6.400      -0.001291       0.000000
     6.500      -0.001337       0.000000
     6.600      -0.001379       0.000000
     6.700      -0.001414       0.000000
     6.800      -0.001443       0.000000
     6.900      -0.001465       0.000000
     7.000      -0.001480       0.000000
     7.100      -0.001489       0.000000
     7.200      -0.001490       0.000000
     7.300      -0.001485       0.000000
     7.400      -0.001472       0.000000
     7.500      -0.001454       0.000000
     7.600      -0.001429       0.000000
     7.700      -0.001398       0.000000
     7.800      -0.001362       0.000000
     7.900      -0.001321       0.000000
     8.000      -0.001276       0.000000
     8.100      -0.001228       0.000000
     8.200      -0.001176       0.000000
     8.300      -0.001122       0.000000
     8.400      -0.001066       0.000000
     8.500      -0.001009       0.000000
     8.600      -0.000951       0.000000
     8.700      -0.000892       0.000000
     8.800      -0.000835       0.000000
     8.900      -0.000777       0.000000
     9.000      -0.000721       0.000000
     9.100      -0.000667       0.000000
     9.200      -0.000614       0.000000
     9.300      -0.000563       0.000000
     9.400      -0.000515       0.000000
     9.500      -0.000469       0.000000
     9.600      -0.000425       0.000000
     9.700      -0.000385       0.000000
     9.800      -0.000346       0.000000
     9.900      -0.000311       0.000000
    10.000      -0.000278       0.000000
    10.100      -0.000248       0.000000
    10.200      -0.000220       0.000000
    10.300      -0.000195       0.000000
    10.400      -0.000172       0.000000
    10.500      -0.000151       0.000000
    10.600      -0.000132       0.000000
    10.700      -0.000115       0.000000
    10.800      -0.000100       0.000000
    10.900      -0.000087       0.000000
    11.000      -0.000075       0.000000
    11.100      -0.000065       0.000000
    11.200      -0.000056       0.000000
    11.300      -0.000048       0.000000
    11.400      -0.000041       0.000000
    11.500      -0.000035       0.000000
    11.600      -0.000029       0.000000
    11.700      -0.000025       0.000000
    11.800      -0.000021       0.000000
    11.900      -0.000017       0.000000
    12.000      -0.000015       0.000000
    12.100      -0.000012       0.000000
    12.200      -0.000010       0.000000
    12.300      -0.000008       0.000000
    12.400      -0.000007       0.000000
    12.500      -0.000006       0.000000
    12.600      -0.000005       0.000000
    12.700      -0.000004       0.000000
    12.800      -0.000003       0.000000
