N       Z             A0                         A1                         A2
22     18       -0.39040036856E+01         0.23535402993E+01          0.29386875571E-01
26     18       -0.74640330564E+01         0.53566665189E+01          0.25094733071E-01
80     56       -0.58392899932E+02         0.50064698026E+02          0.13444693555E-01
82     56       -0.64711237547E+02         0.55893458005E+02          0.13010840983E-01
84     56       -0.70077067869E+02         0.60835129197E+02          0.12721554761E-01
86     56       -0.77746826421E+02         0.68042211662E+02          0.12250538084E-01
90     56       -0.92952930219E+02         0.82669592928E+02          0.11462903737E-01
26     20       -0.63773975292E+01         0.46167601011E+01          0.25332704864E-01
30     20       -0.11825966282E+02         0.94361549534E+01          0.21720982697E-01
34     20       -0.15761537789E+02         0.12549461167E+02          0.21467732921E-01
60     48       -0.15118124928E+02         0.10784071365E+02          0.24324242620E-01
62     48       -0.17713866249E+02         0.12916777276E+02          0.23462495550E-01
64     48       -0.20555790176E+02         0.15269705308E+02          0.22692465421E-01
66     48       -0.23515111106E+02         0.17769485510E+02          0.22006828925E-01
70     48       -0.30052619510E+02         0.23381805943E+02          0.20792373083E-01
74     48       -0.37264289825E+02         0.29694303757E+02          0.19762166042E-01
78     48       -0.43433691724E+02         0.35188783860E+02          0.19154759119E-01
82     58       -0.58317553245E+02         0.49961454823E+02          0.13482325121E-01
84     58       -0.64527905300E+02         0.55693398710E+02          0.13042606000E-01
86     58       -0.72379358541E+02         0.63068891259E+02          0.12495665067E-01
88     58       -0.80599030703E+02         0.70858878176E+02          0.11994383741E-01
28     24       -0.51092541072E+01         0.33956388860E+01          0.27282968849E-01
30     24       -0.69634025965E+01         0.48448594032E+01          0.25686904922E-01
34     24       -0.11484551911E+02         0.87485875634E+01          0.23012274514E-01
38     24       -0.18283427136E+02         0.14883013890E+02          0.20563597637E-01
96     66       -0.46882773757E+02         0.37322509236E+02          0.19310210406E-01
98     66       -0.51233976766E+02         0.41151502777E+02          0.18877642439E-01
98     68       -0.81193631618E+02         0.70447061974E+02          0.12274876161E-01
100    68       -0.90380234743E+02         0.79080496339E+02          0.11754920182E-01
104    68       -0.11073180745E+03         0.98331511212E+02          0.10810189878E-01
30     26       -0.53165989952E+01         0.34826756935E+01          0.27548069548E-01
34     26       -0.91557713783E+01         0.64827746622E+01          0.24756293489E-01
38     26       -0.13776812275E+02         0.10412806769E+02          0.22784306982E-01
90     64       -0.64641629889E+02         0.55301966554E+02          0.13267938143E-01
92     64       -0.72128321953E+02         0.62255606442E+02          0.12743004558E-01
96     64       -0.89332508819E+02         0.78396375081E+02          0.11740470745E-01
98     64       -0.99046309755E+02         0.87604408946E+02          0.11260438086E-01
100    64       -0.10940523933E+03         0.97457406517E+02          0.10809215744E-01
38     32       -0.77368847655E+01         0.51206277638E+01          0.26780464690E-01
40     32       -0.97553722716E+01         0.68289030956E+01          0.25316536570E-01
44     32       -0.14514305830E+02         0.10804387316E+02          0.23017349718E-01
48     32       -0.19157994234E+02         0.14842798979E+02          0.21666808410E-01
52     32       -0.23085338791E+02         0.18172753049E+02          0.21224827206E-01
104    72       -0.52265697607E+02         0.41539072178E+02          0.18978666028E-01
108    72       -0.61523507373E+02         0.49399367904E+02          0.18226996228E-01
112    72       -0.71381907869E+02         0.58046534940E+02          0.17525116265E-01
118    80       -0.66944682315E+02         0.54190626096E+02          0.17869789830E-01
120    80       -0.72457559941E+02         0.59192479169E+02          0.17451058804E-01
124    80       -0.84560852908E+02         0.70190991525E+02          0.16659758680E-01
44     36       -0.97234825883E+01         0.68248298895E+01          0.25626830155E-01
46     36       -0.12079232375E+02         0.86868898413E+01          0.24397459649E-01
48     36       -0.14515108167E+02         0.10720961670E+02          0.23362365210E-01
52     36       -0.20741176353E+02         0.16127906303E+02          0.21490410370E-01
56     36       -0.23542260975E+02         0.18280467804E+02          0.21542839057E-01
14     12       -0.26404336673E+01         0.17398316321E+01          0.27853038443E-01
18     12       -0.52735326936E+01         0.36380879912E+01          0.25935868801E-01
54     42       -0.14930097440E+02         0.10767878357E+02          0.23940322204E-01
56     42       -0.17457593479E+02         0.12898480700E+02          0.23116048075E-01
58     42       -0.20152856205E+02         0.15226762047E+02          0.22370487006E-01
62     42       -0.25403850300E+02         0.19618264341E+02          0.21405364971E-01
64     42       -0.32626414779E+02         0.26093596037E+02          0.20117245522E-01
84     60       -0.57555781206E+02         0.49044655241E+02          0.13666037116E-01
86     60       -0.64744541431E+02         0.55748215804E+02          0.13088647695E-01
90     60       -0.81332779184E+02         0.71412328671E+02          0.11987275668E-01
10     10       -0.93912907893E+00         0.49299861274E+00          0.34829411995E-01
14     10       -0.41880888793E+01         0.30845139624E+01          0.24789802725E-01
34     28       -0.73156655670E+01         0.49976796067E+01          0.26044755644E-01
36     28       -0.94639161984E+01         0.67958834667E+01          0.24554502531E-01
40     28       -0.14941154451E+02         0.11662465611E+02          0.22054640911E-01
8       8       -0.41215627426E+00         0.12095934997E+00          0.45360478023E-01
10      8       -0.17124713995E+01         0.11181189745E+01          0.29765684107E-01
124    82       -0.78733558095E+02         0.64892433587E+02          0.17047771181E-01
126    82       -0.85377203942E+02         0.70995549040E+02          0.16624878043E-01
58     46       -0.15181653875E+02         0.10914244746E+02          0.24135564567E-01
60     46       -0.17699569921E+02         0.12935990494E+02          0.23361393634E-01
62     46       -0.20357855173E+02         0.15108042544E+02          0.22683704178E-01
64     46       -0.23216009453E+02         0.17472631265E+02          0.22069084180E-01
66     46       -0.26193531179E+02         0.19985112928E+02          0.21512163849E-01
116    78       -0.12138175125E+03         0.10774314527E+03          0.10547941653E-01
120    78       -0.14756422961E+03         0.13284307032E+03          0.96473983936E-02
124    78       -0.17924186078E+03         0.16347482392E+03          0.87894618329E-02
18     16       -0.27603857377E+01         0.17200692066E+01          0.29693353812E-01
22     16       -0.65201643721E+01         0.46822183859E+01          0.24732135538E-01
56     16       -0.98360436760E+01         0.68512852231E+01          0.25479642795E-01
46     34       -0.14400846351E+02         0.10602093588E+02          0.23325019440E-01
50     34       -0.20024514172E+02         0.15757886678E+02          0.21337128703E-01
14     14       -0.13579862586E+01         0.74022030168E+00          0.33209494717E-01
16     14       -0.28193008129E+01         0.18564963535E+01          0.28040803716E-01
17     14       -0.45122328104E+01         0.32227399167E+01          0.25533609377E-01
86     62       -0.57530205804E+02         0.48825278933E+02          0.13768327136E-01
90     62       -0.72507402217E+02         0.62858395941E+02          0.12618069863E-01
94     62       -0.90588155457E+02         0.79992000409E+02          0.11550156692E-01
66     50       -0.20960738332E+02         0.15541777468E+02          0.22624346370E-01
68     50       -0.24165121661E+02         0.18302392410E+02          0.21826134718E-01
70     50       -0.27618375550E+02         0.21297689577E+02          0.21103395575E-01
72     50       -0.31300504258E+02         0.24522395016E+02          0.20443925884E-01
74     50       -0.35244621512E+02         0.28001172230E+02          0.19833117909E-01
78     50       -0.43946363425E+02         0.35802280728E+02          0.18726260758E-01
80     50       -0.45928736630E+02         0.37567821054E+02          0.18676634264E-01
82     50       -0.50299842882E+02         0.41581117834E+02          0.18252788359E-01
48     38       -0.12121895462E+02         0.87303240210E+01          0.24513534317E-01
50     38       -0.14537117696E+02         0.10760301438E+02          0.23475570577E-01
52     38       -0.16922405775E+02         0.12665906514E+02          0.22872356179E-01
54     38       -0.19862687748E+02         0.15157498147E+02          0.22100913729E-01
58     38       -0.25178445668E+02         0.19676250645E+02          0.21130116030E-01
62     38       -0.31243072135E+02         0.25026306543E+02          0.20241296409E-01
70     52       -0.37019284421E+02         0.30247716041E+02          0.15893094054E-01
72     52       -0.42879380413E+02         0.35597267889E+02          0.15105733242E-01
74     52       -0.49277730767E+02         0.41497079237E+02          0.14383938895E-01
76     52       -0.56109820558E+02         0.47845910952E+02          0.13740460875E-01
78     52       -0.64066135545E+02         0.55299417479E+02          0.13074892066E-01
80     52       -0.72382650271E+02         0.63167718928E+02          0.12490959561E-01
82     52       -0.76876351008E+02         0.67378613923E+02          0.12344981004E-01
28     22       -0.67315276997E+01         0.48488341591E+01          0.25202894184E-01
30     22       -0.89853313239E+01         0.66481279674E+01          0.23949751021E-01
34     22       -0.13097393284E+02         0.98978909805E+01          0.22827483406E-01
108    74       -0.57079728982E+02         0.45540170860E+02          0.18607231193E-01
112    74       -0.66601341693E+02         0.53782059391E+02          0.17876353607E-01
74     54       -0.43492754216E+02         0.36067682342E+02          0.15059947286E-01
76     54       -0.49971264746E+02         0.42064482127E+02          0.14319479110E-01
78     54       -0.57237922082E+02         0.48845937104E+02          0.13609823845E-01
80     54       -0.65298622636E+02         0.56446689747E+02          0.12933987364E-01
82     54       -0.74273315657E+02         0.64973881296E+02          0.12288945096E-01
86     54       -0.10064687684E+03         0.89857578106E+02          0.10800442852E-01
100    70       -0.81360799176E+02         0.70424264599E+02          0.12315119900E-01
102    70       -0.90424906514E+02         0.78928586016E+02          0.11800826717E-01
106    70       -0.11072930443E+03         0.98114783151E+02          0.10850468843E-01
36     30       -0.75395483692E+01         0.50591066622E+01          0.26431096162E-01
38     30       -0.95725239010E+01         0.67646733201E+01          0.24982402780E-01
42     30       -0.14523796184E+02         0.10978155575E+02          0.22699206932E-01
46     30       -0.20295271613E+02         0.16047820427E+02          0.20904637826E-01
50     40       -0.12358254941E+02         0.88962040090E+01          0.24534177423E-01
52     40       -0.14642214135E+02         0.10651395317E+02          0.23814384650E-01
54     40       -0.17235508827E+02         0.12817116970E+02          0.22989538257E-01
56     40       -0.20001295587E+02         0.15190053147E+02          0.22250274587E-01
58     40       -0.22819543199E+02         0.17653470152E+02          0.21609461906E-01
62     40       -0.28246334183E+02         0.22264691804E+02          0.20786068679E-01


























