j = 1/2+    -56.2339
 0.000      -0.000000       0.001160
 0.100      -0.003906       0.001290
 0.200      -0.007647       0.001668
 0.300      -0.011063       0.002260
 0.400      -0.014014       0.003012
 0.500      -0.016381       0.003856
 0.600      -0.018075       0.004710
 0.700      -0.019040       0.005491
 0.800      -0.019254       0.006119
 0.900      -0.018733       0.006520
 1.000      -0.017528       0.006637
 1.100      -0.015717       0.006433
 1.200      -0.013410       0.005892
 1.300      -0.010734       0.005025
 1.400      -0.007830       0.003868
 1.500      -0.004844       0.002479
 1.600      -0.001922       0.000936
 1.700       0.000801      -0.000669
 1.800       0.003206      -0.002235
 1.900       0.005195      -0.003659
 2.000       0.006696      -0.004845
 2.100       0.007665      -0.005709
 2.200       0.008088      -0.006187
 2.300       0.007980      -0.006238
 2.400       0.007385      -0.005849
 2.500       0.006367      -0.005034
 2.600       0.005012      -0.003840
 2.700       0.003418      -0.002338
 2.800       0.001692      -0.000623
 2.900      -0.000058       0.001194
 3.000      -0.001728       0.002989
 3.100      -0.003223       0.004637
 3.200      -0.004465       0.006019
 3.300      -0.005389       0.007028
 3.400      -0.005955       0.007576
 3.500      -0.006143       0.007604
 3.600      -0.005953       0.007084
 3.700      -0.005409       0.006020
 3.800      -0.004552       0.004455
 3.900      -0.003438       0.002464
 4.000      -0.002135       0.000154
 4.100      -0.000720      -0.002342
 4.200       0.000726      -0.004869
 4.300       0.002126      -0.007262
 4.400       0.003406      -0.009349
 4.500       0.004498      -0.010964
 4.600       0.005349      -0.011955
 4.700       0.005919      -0.012190
 4.800       0.006181      -0.011565
 4.900       0.006125      -0.010012
 5.000       0.005757      -0.007499
 5.100       0.005096      -0.004036
 5.200       0.004174       0.000325
 5.300       0.003036       0.005494
 5.400       0.001733       0.011343
 5.500       0.000321       0.017712
 5.600      -0.001139       0.024417
 5.700      -0.002588       0.031253
 5.800      -0.003969       0.038005
 5.900      -0.005229       0.044457
 6.000      -0.006324       0.050397
 6.100      -0.007217       0.055625
 6.200      -0.007879       0.059963
 6.300      -0.008294       0.063260
 6.400      -0.008455       0.065393
 6.500      -0.008362       0.066276
 6.600      -0.008027       0.065859
 6.700      -0.007470       0.064129
 6.800      -0.006714       0.061112
 6.900      -0.005792       0.056866
 7.000      -0.004737       0.051482
 7.100      -0.003586       0.045079
 7.200      -0.002375       0.037798
 7.300      -0.001141       0.029799
 7.400       0.000082       0.021255
 7.500       0.001262       0.012343
 7.600       0.002372       0.003244
 7.700       0.003389      -0.005866
 7.800       0.004293      -0.014820
 7.900       0.005073      -0.023461
 8.000       0.005717      -0.031651
 8.100       0.006223      -0.039267
 8.200       0.006590      -0.046210
 8.300       0.006822      -0.052398
 8.400       0.006926      -0.057773
 8.500       0.006913      -0.062298
 8.600       0.006793      -0.065956
 8.700       0.006580      -0.068750
 8.800       0.006289      -0.070697
 8.900       0.005934      -0.071834
 9.000       0.005529      -0.072207
 9.100       0.005088      -0.071873
 9.200       0.004625      -0.070898
 9.300       0.004152      -0.069352
 9.400       0.003678      -0.067312
 9.500       0.003214      -0.064851
 9.600       0.002767      -0.062046
 9.700       0.002343      -0.058970
 9.800       0.001948      -0.055693
 9.900       0.001584      -0.052279
10.000       0.001254      -0.048788
10.100       0.000959      -0.045275
10.200       0.000699      -0.041787
10.300       0.000473      -0.038364
10.400       0.000280      -0.035041
10.500       0.000118      -0.031847
10.600      -0.000016      -0.028803
10.700      -0.000123      -0.025927
10.800      -0.000206      -0.023229
10.900      -0.000269      -0.020718
11.000      -0.000313      -0.018396
11.100      -0.000342      -0.016263
11.200      -0.000358      -0.014316
11.300      -0.000363      -0.012549
11.400      -0.000360      -0.010954
11.500      -0.000350      -0.009523
11.600      -0.000334      -0.008246
11.700      -0.000315      -0.007111
11.800      -0.000294      -0.006109
11.900      -0.000271      -0.005227
12.000      -0.000248      -0.004456
12.100      -0.000224      -0.003784
12.200      -0.000202      -0.003202
12.300      -0.000180      -0.002699
12.400      -0.000159      -0.002267
12.500      -0.000140      -0.001897
12.600      -0.000122      -0.001582
12.700      -0.000106      -0.001314
12.800      -0.000092      -0.001088
12.900      -0.000079      -0.000898
13.000      -0.000067      -0.000738
13.100      -0.000057      -0.000605
13.200      -0.000049      -0.000494
13.300      -0.000041      -0.000402
13.400      -0.000034      -0.000326
13.500      -0.000029      -0.000264
13.600      -0.000024      -0.000212
13.700      -0.000020      -0.000171
13.800      -0.000016      -0.000137
13.900      -0.000013      -0.000109
14.000      -0.000011      -0.000087
14.100      -0.000009      -0.000069
14.200      -0.000007      -0.000054
14.300      -0.000006      -0.000043
14.400      -0.000005      -0.000034
14.500      -0.000004      -0.000026
14.600      -0.000003      -0.000020
14.700      -0.000002      -0.000016
14.800      -0.000002      -0.000012
14.900      -0.000001      -0.000010
15.000      -0.000001      -0.000007
15.100      -0.000001      -0.000006
15.200      -0.000001      -0.000004
15.300      -0.000001      -0.000003
15.400      -0.000000      -0.000003
15.500      -0.000000      -0.000002
15.600      -0.000000      -0.000001
15.700      -0.000000      -0.000001
15.800      -0.000000      -0.000001
15.900      -0.000000      -0.000001
16.000      -0.000000      -0.000000
16.100      -0.000000      -0.000000
16.200      -0.000000      -0.000000
16.300      -0.000000      -0.000000
16.400      -0.000000      -0.000000
16.500      -0.000000      -0.000000
16.600      -0.000000      -0.000000
16.700      -0.000000      -0.000000
16.800      -0.000000      -0.000000
16.900      -0.000000      -0.000000
17.000      -0.000000      -0.000000
17.100      -0.000000      -0.000000
17.200      -0.000000      -0.000000
17.300      -0.000000      -0.000000
17.400      -0.000000      -0.000000
17.500      -0.000000      -0.000000
17.600      -0.000000      -0.000000
17.700      -0.000000      -0.000000
17.800      -0.000000      -0.000000
17.900      -0.000000      -0.000000
18.000      -0.000000      -0.000000
18.100      -0.000000      -0.000000
18.200      -0.000000      -0.000000
18.300      -0.000000      -0.000000
18.400      -0.000000      -0.000000
18.500      -0.000000      -0.000000
18.600      -0.000000      -0.000000
18.700      -0.000000      -0.000000
18.800      -0.000000      -0.000000
18.900      -0.000000      -0.000000
19.000      -0.000000      -0.000000
19.100      -0.000000      -0.000000

j = 3/2-    -46.5088
 0.000       0.000000       0.000000
 0.100       0.004316       0.024711
 0.200       0.017060       0.048874
 0.300       0.037624       0.071960
 0.400       0.065033       0.093474
 0.500       0.097982       0.112977
 0.600       0.134908       0.130093
 0.700       0.174058       0.144527
 0.800       0.213572       0.156066
 0.900       0.251574       0.164592
 1.000       0.286257       0.170077
 1.100       0.315964       0.172585
 1.200       0.339265       0.172262
 1.300       0.355018       0.169332
 1.400       0.362420       0.164082
 1.500       0.361035       0.156854
 1.600       0.350807       0.148024
 1.700       0.332059       0.137990
 1.800       0.305471       0.127156
 1.900       0.272037       0.115919
 2.000       0.233018       0.104652
 2.100       0.189879       0.093693
 2.200       0.144218       0.083336
 2.300       0.097696       0.073820
 2.400       0.051956       0.065330
 2.500       0.008562       0.057988
 2.600      -0.031074       0.051858
 2.700      -0.065741       0.046945
 2.800      -0.094472       0.043204
 2.900      -0.116578       0.040542
 3.000      -0.131665       0.038830
 3.100      -0.139630       0.037907
 3.200      -0.140660       0.037598
 3.300      -0.135201       0.037713
 3.400      -0.123932       0.038066
 3.500      -0.107718       0.038476
 3.600      -0.087568       0.038780
 3.700      -0.064581       0.038836
 3.800      -0.039896       0.038528
 3.900      -0.014642       0.037771
 4.000       0.010106       0.036509
 4.100       0.033370       0.034720
 4.200       0.054304       0.032410
 4.300       0.072214       0.029614
 4.400       0.086580       0.026389
 4.500       0.097061       0.022814
 4.600       0.103499       0.018982
 4.700       0.105906       0.014993
 4.800       0.104454       0.010957
 4.900       0.099451       0.006978
 5.000       0.091321       0.003160
 5.100       0.080576      -0.000405
 5.200       0.067784      -0.003635
 5.300       0.053546      -0.006462
 5.400       0.038467      -0.008836
 5.500       0.023132      -0.010721
 5.600       0.008081      -0.012101
 5.700      -0.006200      -0.012975
 5.800      -0.019302      -0.013356
 5.900      -0.030895      -0.013274
 6.000      -0.040736      -0.012767
 6.100      -0.048669      -0.011886
 6.200      -0.054622      -0.010685
 6.300      -0.058602      -0.009226
 6.400      -0.060684      -0.007572
 6.500      -0.061002      -0.005785
 6.600      -0.059740      -0.003926
 6.700      -0.057115      -0.002051
 6.800      -0.053367      -0.000214
 6.900      -0.048749       0.001542
 7.000      -0.043514       0.003178
 7.100      -0.037906       0.004662
 7.200      -0.032153       0.005971
 7.300      -0.026459       0.007090
 7.400      -0.021002       0.008009
 7.500      -0.015927       0.008726
 7.600      -0.011348       0.009243
 7.700      -0.007349       0.009570
 7.800      -0.003980       0.009719
 7.900      -0.001264       0.009705
 8.000       0.000802       0.009546
 8.100       0.002242       0.009262
 8.200       0.003098       0.008872
 8.300       0.003429       0.008397
 8.400       0.003299       0.007857
 8.500       0.002783       0.007270
 8.600       0.001955       0.006654
 8.700       0.000892       0.006024
 8.800      -0.000335       0.005395
 8.900      -0.001657       0.004777
 9.000      -0.003014       0.004182
 9.100      -0.004352       0.003616
 9.200      -0.005627       0.003086
 9.300      -0.006801       0.002596
 9.400      -0.007847       0.002149
 9.500      -0.008746       0.001747
 9.600      -0.009484       0.001388
 9.700      -0.010057       0.001073
 9.800      -0.010465       0.000800
 9.900      -0.010713       0.000567
10.000      -0.010811       0.000370
10.100      -0.010771       0.000207
10.200      -0.010607       0.000074
10.300      -0.010337      -0.000032
10.400      -0.009975      -0.000114
10.500      -0.009540      -0.000176
10.600      -0.009047      -0.000219
10.700      -0.008512      -0.000249
10.800      -0.007948      -0.000265
10.900      -0.007370      -0.000272
11.000      -0.006787      -0.000272
11.100      -0.006210      -0.000265
11.200      -0.005646      -0.000253
11.300      -0.005104      -0.000239
11.400      -0.004587      -0.000222
11.500      -0.004099      -0.000204
11.600      -0.003644      -0.000186
11.700      -0.003222      -0.000168
11.800      -0.002834      -0.000150
11.900      -0.002481      -0.000133
12.000      -0.002161      -0.000118
12.100      -0.001874      -0.000103
12.200      -0.001617      -0.000090
12.300      -0.001390      -0.000078
12.400      -0.001189      -0.000067
12.500      -0.001012      -0.000057
12.600      -0.000858      -0.000049
12.700      -0.000725      -0.000041
12.800      -0.000610      -0.000035
12.900      -0.000511      -0.000029
13.000      -0.000426      -0.000024
13.100      -0.000354      -0.000020
13.200      -0.000293      -0.000017
13.300      -0.000241      -0.000014
13.400      -0.000198      -0.000011
13.500      -0.000162      -0.000009
13.600      -0.000132      -0.000007
13.700      -0.000107      -0.000006
13.800      -0.000087      -0.000005
13.900      -0.000070      -0.000004
14.000      -0.000056      -0.000003
14.100      -0.000045      -0.000003
14.200      -0.000036      -0.000002
14.300      -0.000029      -0.000002
14.400      -0.000023      -0.000001
14.500      -0.000018      -0.000001
14.600      -0.000014      -0.000001
14.700      -0.000011      -0.000001
14.800      -0.000009      -0.000000
14.900      -0.000007      -0.000000
15.000      -0.000005      -0.000000
15.100      -0.000004      -0.000000
15.200      -0.000003      -0.000000
15.300      -0.000002      -0.000000
15.400      -0.000002      -0.000000
15.500      -0.000001      -0.000000
15.600      -0.000001      -0.000000
15.700      -0.000001      -0.000000
15.800      -0.000001      -0.000000
15.900      -0.000000      -0.000000
16.000      -0.000000      -0.000000
16.100      -0.000000      -0.000000
16.200      -0.000000      -0.000000
16.300      -0.000000      -0.000000
16.400      -0.000000      -0.000000
16.500      -0.000000      -0.000000
16.600      -0.000000      -0.000000
16.700      -0.000000      -0.000000
16.800      -0.000000      -0.000000
16.900      -0.000000      -0.000000
17.000      -0.000000      -0.000000
17.100      -0.000000      -0.000000
17.200      -0.000000      -0.000000
17.300      -0.000000      -0.000000
17.400      -0.000000      -0.000000
17.500      -0.000000      -0.000000
17.600      -0.000000      -0.000000
17.700      -0.000000      -0.000000
17.800      -0.000000      -0.000000
17.900      -0.000000      -0.000000
18.000      -0.000000      -0.000000
18.100      -0.000000      -0.000000
18.200      -0.000000      -0.000000
18.300      -0.000000      -0.000000
18.400      -0.000000      -0.000000
18.500      -0.000000      -0.000000
18.600      -0.000000      -0.000000
18.700      -0.000000      -0.000000
18.800      -0.000000      -0.000000
18.900      -0.000000      -0.000000
19.000      -0.000000      -0.000000
19.100      -0.000000      -0.000000

j = 1/2-    -44.9416
 0.000       0.016072      -0.000000
 0.100       0.015982      -0.003158
 0.200       0.015711      -0.006193
 0.300       0.015259      -0.008986
 0.400       0.014629      -0.011431
 0.500       0.013822      -0.013437
 0.600       0.012844      -0.014934
 0.700       0.011702      -0.015873
 0.800       0.010408      -0.016231
 0.900       0.008978      -0.016012
 1.000       0.007435      -0.015244
 1.100       0.005804      -0.013977
 1.200       0.004120      -0.012283
 1.300       0.002418      -0.010250
 1.400       0.000740      -0.007980
 1.500      -0.000868      -0.005578
 1.600      -0.002363      -0.003155
 1.700      -0.003699      -0.000817
 1.800      -0.004834       0.001339
 1.900      -0.005731       0.003226
 2.000      -0.006361       0.004775
 2.100      -0.006704       0.005937
 2.200      -0.006748       0.006680
 2.300      -0.006496       0.006995
 2.400      -0.005963       0.006895
 2.500      -0.005176       0.006411
 2.600      -0.004174       0.005590
 2.700      -0.003010       0.004495
 2.800      -0.001742       0.003198
 2.900      -0.000438       0.001778
 3.000       0.000830       0.000316
 3.100       0.001990      -0.001108
 3.200       0.002972      -0.002420
 3.300       0.003709      -0.003555
 3.400       0.004147      -0.004459
 3.500       0.004239      -0.005094
 3.600       0.003956      -0.005433
 3.700       0.003283      -0.005467
 3.800       0.002223      -0.005204
 3.900       0.000796      -0.004662
 4.000      -0.000959      -0.003876
 4.100      -0.002985      -0.002890
 4.200      -0.005211      -0.001756
 4.300      -0.007553      -0.000531
 4.400      -0.009917       0.000725
 4.500      -0.012200       0.001951
 4.600      -0.014299       0.003091
 4.700      -0.016107       0.004094
 4.800      -0.017526       0.004916
 4.900      -0.018462       0.005523
 5.000      -0.018834       0.005889
 5.100      -0.018574       0.006002
 5.200      -0.017631       0.005858
 5.300      -0.015972       0.005465
 5.400      -0.013583       0.004840
 5.500      -0.010469       0.004010
 5.600      -0.006657       0.003007
 5.700      -0.002190       0.001869
 5.800       0.002869       0.000639
 5.900       0.008445      -0.000640
 6.000       0.014448      -0.001924
 6.100       0.020777      -0.003170
 6.200       0.027327      -0.004341
 6.300       0.033984      -0.005400
 6.400       0.040638      -0.006318
 6.500       0.047178      -0.007072
 6.600       0.053497      -0.007644
 6.700       0.059496      -0.008023
 6.800       0.065086      -0.008206
 6.900       0.070187      -0.008195
 7.000       0.074734      -0.007997
 7.100       0.078672      -0.007624
 7.200       0.081963      -0.007094
 7.300       0.084581      -0.006427
 7.400       0.086514      -0.005646
 7.500       0.087763      -0.004774
 7.600       0.088341      -0.003836
 7.700       0.088272      -0.002858
 7.800       0.087591      -0.001862
 7.900       0.086340      -0.000871
 8.000       0.084566       0.000095
 8.100       0.082324       0.001017
 8.200       0.079671       0.001881
 8.300       0.076667       0.002674
 8.400       0.073372       0.003386
 8.500       0.069844       0.004010
 8.600       0.066142       0.004543
 8.700       0.062322       0.004982
 8.800       0.058434       0.005328
 8.900       0.054525       0.005584
 9.000       0.050640       0.005754
 9.100       0.046816       0.005843
 9.200       0.043086       0.005859
 9.300       0.039479       0.005809
 9.400       0.036017       0.005701
 9.500       0.032719       0.005542
 9.600       0.029598       0.005342
 9.700       0.026665       0.005107
 9.800       0.023925       0.004847
 9.900       0.021380       0.004567
10.000       0.019031       0.004274
10.100       0.016874       0.003975
10.200       0.014904       0.003674
10.300       0.013114       0.003376
10.400       0.011496       0.003085
10.500       0.010039       0.002803
10.600       0.008736       0.002534
10.700       0.007574       0.002279
10.800       0.006542       0.002039
10.900       0.005631       0.001816
11.000       0.004830       0.001610
11.100       0.004129       0.001420
11.200       0.003516       0.001248
11.300       0.002985       0.001091
11.400       0.002525       0.000950
11.500       0.002129       0.000824
11.600       0.001789       0.000711
11.700       0.001498       0.000611
11.800       0.001250       0.000524
11.900       0.001040       0.000447
12.000       0.000862       0.000380
12.100       0.000713       0.000321
12.200       0.000587       0.000271
12.300       0.000482       0.000228
12.400       0.000395       0.000190
12.500       0.000322       0.000159
12.600       0.000262       0.000132
12.700       0.000212       0.000109
12.800       0.000172       0.000090
12.900       0.000138       0.000074
13.000       0.000111       0.000061
13.100       0.000089       0.000049
13.200       0.000071       0.000040
13.300       0.000057       0.000033
13.400       0.000045       0.000026
13.500       0.000036       0.000021
13.600       0.000028       0.000017
13.700       0.000022       0.000014
13.800       0.000017       0.000011
13.900       0.000013       0.000009
14.000       0.000011       0.000007
14.100       0.000008       0.000005
14.200       0.000006       0.000004
14.300       0.000005       0.000003
14.400       0.000004       0.000003
14.500       0.000003       0.000002
14.600       0.000002       0.000002
14.700       0.000002       0.000001
14.800       0.000001       0.000001
14.900       0.000001       0.000001
15.000       0.000001       0.000001
15.100       0.000001       0.000000
15.200       0.000000       0.000000
15.300       0.000000       0.000000
15.400       0.000000       0.000000
15.500       0.000000       0.000000
15.600       0.000000       0.000000
15.700       0.000000       0.000000
15.800       0.000000       0.000000
15.900       0.000000       0.000000
16.000       0.000000       0.000000
16.100       0.000000       0.000000
16.200       0.000000       0.000000
16.300       0.000000       0.000000
16.400       0.000000       0.000000
16.500       0.000000       0.000000
16.600       0.000000       0.000000
16.700       0.000000       0.000000
16.800       0.000000       0.000000
16.900       0.000000       0.000000
17.000       0.000000       0.000000
17.100       0.000000       0.000000
17.200       0.000000       0.000000
17.300       0.000000       0.000000
17.400       0.000000       0.000000
17.500       0.000000       0.000000
17.600       0.000000       0.000000
17.700       0.000000       0.000000
17.800       0.000000       0.000000
17.900       0.000000       0.000000
18.000       0.000000       0.000000
18.100       0.000000       0.000000
18.200       0.000000       0.000000
18.300       0.000000       0.000000
18.400       0.000000       0.000000
18.500       0.000000       0.000000
18.600       0.000000       0.000000
18.700       0.000000       0.000000
18.800       0.000000       0.000000
18.900       0.000000       0.000000
19.000       0.000000       0.000000
19.100       0.000000       0.000000

j = 5/2+    -33.8090
 0.000       0.000000      -0.000000
 0.100       0.000148      -0.001022
 0.200       0.001176      -0.004045
 0.300       0.003911      -0.008943
 0.400       0.009078      -0.015513
 0.500       0.017254      -0.023481
 0.600       0.028836      -0.032517
 0.700       0.044010      -0.042246
 0.800       0.062740      -0.052267
 0.900       0.084760      -0.062168
 1.000       0.109588      -0.071543
 1.100       0.136546      -0.080009
 1.200       0.164790      -0.087220
 1.300       0.193348      -0.092883
 1.400       0.221170      -0.096767
 1.500       0.247180      -0.098711
 1.600       0.270321      -0.098629
 1.700       0.289613      -0.096514
 1.800       0.304193      -0.092431
 1.900       0.313364      -0.086518
 2.000       0.316619      -0.078975
 2.100       0.313668      -0.070056
 2.200       0.304450      -0.060055
 2.300       0.289135      -0.049296
 2.400       0.268113      -0.038116
 2.500       0.241976      -0.026855
 2.600       0.211492      -0.015843
 2.700       0.177567      -0.005382
 2.800       0.141207       0.004254
 2.900       0.103476       0.012839
 3.000       0.065451       0.020190
 3.100       0.028179       0.026180
 3.200      -0.007363       0.030734
 3.300      -0.040298       0.033830
 3.400      -0.069885       0.035498
 3.500      -0.095532       0.035812
 3.600      -0.116817       0.034886
 3.700      -0.133490       0.032868
 3.800      -0.145471       0.029930
 3.900      -0.152842       0.026259
 4.000      -0.155832       0.022051
 4.100      -0.154797       0.017502
 4.200      -0.150195       0.012801
 4.300      -0.142562       0.008123
 4.400      -0.132482       0.003626
 4.500      -0.120564      -0.000558
 4.600      -0.107411      -0.004319
 4.700      -0.093601      -0.007575
 4.800      -0.079669      -0.010272
 4.900      -0.066084      -0.012381
 5.000      -0.053246      -0.013897
 5.100      -0.041472      -0.014840
 5.200      -0.030997      -0.015244
 5.300      -0.021972      -0.015161
 5.400      -0.014471      -0.014655
 5.500      -0.008495      -0.013795
 5.600      -0.003985      -0.012657
 5.700      -0.000828      -0.011314
 5.800       0.001125      -0.009840
 5.900       0.002053      -0.008304
 6.000       0.002149      -0.006765
 6.100       0.001610      -0.005276
 6.200       0.000631      -0.003883
 6.300      -0.000608      -0.002618
 6.400      -0.001946      -0.001505
 6.500      -0.003245      -0.000561
 6.600      -0.004397       0.000208
 6.700      -0.005318       0.000804
 6.800      -0.005954       0.001233
 6.900      -0.006276       0.001509
 7.000      -0.006279       0.001648
 7.100      -0.005980       0.001668
 7.200      -0.005409       0.001592
 7.300      -0.004612       0.001439
 7.400      -0.003640       0.001231
 7.500      -0.002552       0.000987
 7.600      -0.001404       0.000726
 7.700      -0.000253       0.000462
 7.800       0.000850       0.000209
 7.900       0.001862      -0.000023
 8.000       0.002745      -0.000226
 8.100       0.003472      -0.000395
 8.200       0.004025      -0.000526
 8.300       0.004393      -0.000619
 8.400       0.004577      -0.000674
 8.500       0.004581      -0.000695
 8.600       0.004418      -0.000683
 8.700       0.004106      -0.000644
 8.800       0.003665      -0.000581
 8.900       0.003120      -0.000501
 9.000       0.002495      -0.000407
 9.100       0.001816      -0.000305
 9.200       0.001106      -0.000198
 9.300       0.000389      -0.000091
 9.400      -0.000314       0.000013
 9.500      -0.000987       0.000111
 9.600      -0.001613       0.000201
 9.700      -0.002182       0.000281
 9.800      -0.002685       0.000350
 9.900      -0.003114       0.000409
10.000      -0.003469       0.000455
10.100      -0.003747       0.000491
10.200      -0.003952       0.000515
10.300      -0.004085       0.000529
10.400      -0.004152       0.000535
10.500      -0.004159       0.000532
10.600      -0.004113       0.000522
10.700      -0.004020       0.000506
10.800      -0.003888       0.000486
10.900      -0.003724       0.000461
11.000      -0.003535       0.000434
11.100      -0.003328       0.000405
11.200      -0.003109       0.000376
11.300      -0.002883       0.000345
11.400      -0.002654       0.000315
11.500      -0.002427       0.000286
11.600      -0.002205       0.000257
11.700      -0.001992       0.000230
11.800      -0.001788       0.000205
11.900      -0.001596       0.000181
12.000      -0.001417       0.000160
12.100      -0.001251       0.000140
12.200      -0.001099       0.000122
12.300      -0.000961       0.000106
12.400      -0.000836       0.000091
12.500      -0.000723       0.000078
12.600      -0.000623       0.000067
12.700      -0.000534       0.000057
12.800      -0.000456       0.000048
12.900      -0.000388       0.000040
13.000      -0.000328       0.000034
13.100      -0.000276       0.000028
13.200      -0.000232       0.000024
13.300      -0.000194       0.000020
13.400      -0.000161       0.000016
13.500      -0.000134       0.000013
13.600      -0.000110       0.000011
13.700      -0.000091       0.000009
13.800      -0.000074       0.000007
13.900      -0.000061       0.000006
14.000      -0.000049       0.000005
14.100      -0.000040       0.000004
14.200      -0.000032       0.000003
14.300      -0.000026       0.000002
14.400      -0.000021       0.000002
14.500      -0.000017       0.000002
14.600      -0.000013       0.000001
14.700      -0.000010       0.000001
14.800      -0.000008       0.000001
14.900      -0.000006       0.000001
15.000      -0.000005       0.000000
15.100      -0.000004       0.000000
15.200      -0.000003       0.000000
15.300      -0.000002       0.000000
15.400      -0.000002       0.000000
15.500      -0.000001       0.000000
15.600      -0.000001       0.000000
15.700      -0.000001       0.000000
15.800      -0.000001       0.000000
15.900      -0.000000       0.000000
16.000      -0.000000       0.000000
16.100      -0.000000       0.000000
16.200      -0.000000       0.000000
16.300      -0.000000       0.000000
16.400      -0.000000       0.000000
16.500      -0.000000       0.000000
16.600      -0.000000       0.000000
16.700      -0.000000       0.000000
16.800      -0.000000       0.000000
16.900      -0.000000       0.000000
17.000      -0.000000       0.000000
17.100      -0.000000       0.000000
17.200      -0.000000       0.000000
17.300      -0.000000       0.000000
17.400      -0.000000       0.000000
17.500      -0.000000       0.000000
17.600      -0.000000       0.000000
17.700      -0.000000       0.000000
17.800      -0.000000       0.000000
17.900      -0.000000       0.000000
18.000      -0.000000       0.000000
18.100      -0.000000       0.000000
18.200      -0.000000       0.000000
18.300      -0.000000       0.000000
18.400      -0.000000       0.000000
18.500      -0.000000       0.000000
18.600      -0.000000       0.000000
18.700      -0.000000       0.000000
18.800      -0.000000       0.000000
18.900      -0.000000       0.000000
19.000      -0.000000       0.000000
19.100      -0.000000       0.000000

j = 3/2+    -29.6487
 0.000       0.000000       0.000000
 0.100       0.004079       0.000074
 0.200       0.008025       0.000294
 0.300       0.011711       0.000656
 0.400       0.015020       0.001150
 0.500       0.017849       0.001764
 0.600       0.020114       0.002481
 0.700       0.021751       0.003279
 0.800       0.022722       0.004132
 0.900       0.023013       0.005010
 1.000       0.022635       0.005878
 1.100       0.021622       0.006699
 1.200       0.020032       0.007432
 1.300       0.017943       0.008036
 1.400       0.015446       0.008473
 1.500       0.012647       0.008706
 1.600       0.009660       0.008704
 1.700       0.006598       0.008446
 1.800       0.003578       0.007917
 1.900       0.000706       0.007118
 2.000      -0.001919       0.006058
 2.100      -0.004212       0.004764
 2.200      -0.006105       0.003274
 2.300      -0.007549       0.001637
 2.400      -0.008512      -0.000083
 2.500      -0.008984      -0.001818
 2.600      -0.008975      -0.003492
 2.700      -0.008510      -0.005028
 2.800      -0.007635      -0.006351
 2.900      -0.006405      -0.007394
 3.000      -0.004891      -0.008100
 3.100      -0.003167      -0.008426
 3.200      -0.001315      -0.008346
 3.300       0.000584      -0.007855
 3.400       0.002449      -0.006971
 3.500       0.004206      -0.005731
 3.600       0.005788      -0.004195
 3.700       0.007139      -0.002442
 3.800       0.008210      -0.000569
 3.900       0.008971       0.001317
 4.000       0.009399       0.003098
 4.100       0.009489       0.004656
 4.200       0.009244       0.005873
 4.300       0.008683       0.006642
 4.400       0.007831       0.006870
 4.500       0.006725       0.006480
 4.600       0.005406       0.005421
 4.700       0.003924       0.003666
 4.800       0.002326       0.001218
 4.900       0.000666      -0.001891
 5.000      -0.001007      -0.005600
 5.100      -0.002646      -0.009822
 5.200      -0.004205      -0.014445
 5.300      -0.005647      -0.019333
 5.400      -0.006940      -0.024339
 5.500      -0.008056      -0.029302
 5.600      -0.008977      -0.034057
 5.700      -0.009691      -0.038440
 5.800      -0.010192      -0.042292
 5.900      -0.010482      -0.045470
 6.000      -0.010567      -0.047844
 6.100      -0.010459      -0.049310
 6.200      -0.010175      -0.049787
 6.300      -0.009733      -0.049219
 6.400      -0.009157      -0.047584
 6.500      -0.008468      -0.044885
 6.600      -0.007691      -0.041156
 6.700      -0.006851      -0.036457
 6.800      -0.005971      -0.030872
 6.900      -0.005072      -0.024507
 7.000      -0.004175      -0.017486
 7.100      -0.003298      -0.009946
 7.200      -0.002457      -0.002032
 7.300      -0.001664       0.006104
 7.400      -0.000930       0.014311
 7.500      -0.000263       0.022442
 7.600       0.000332       0.030357
 7.700       0.000853       0.037927
 7.800       0.001298       0.045036
 7.900       0.001668       0.051583
 8.000       0.001965       0.057486
 8.100       0.002195       0.062678
 8.200       0.002360       0.067114
 8.300       0.002468       0.070763
 8.400       0.002523       0.073615
 8.500       0.002534       0.075675
 8.600       0.002504       0.076961
 8.700       0.002442       0.077507
 8.800       0.002354       0.077356
 8.900       0.002244       0.076562
 9.000       0.002118       0.075185
 9.100       0.001981       0.073289
 9.200       0.001838       0.070943
 9.300       0.001691       0.068217
 9.400       0.001544       0.065181
 9.500       0.001400       0.061901
 9.600       0.001261       0.058442
 9.700       0.001128       0.054865
 9.800       0.001002       0.051226
 9.900       0.000885       0.047576
10.000       0.000777       0.043958
10.100       0.000678       0.040412
10.200       0.000588       0.036971
10.300       0.000507       0.033662
10.400       0.000435       0.030506
10.500       0.000371       0.027520
10.600       0.000315       0.024715
10.700       0.000265       0.022098
10.800       0.000222       0.019674
10.900       0.000185       0.017441
11.000       0.000153       0.015397
11.100       0.000126       0.013537
11.200       0.000103       0.011853
11.300       0.000084       0.010338
11.400       0.000068       0.008980
11.500       0.000055       0.007771
11.600       0.000044       0.006698
11.700       0.000035       0.005752
11.800       0.000027       0.004921
11.900       0.000021       0.004194
12.000       0.000016       0.003562
12.100       0.000013       0.003014
12.200       0.000010       0.002541
12.300       0.000007       0.002134
12.400       0.000005       0.001787
12.500       0.000004       0.001490
12.600       0.000003       0.001239
12.700       0.000002       0.001026
12.800       0.000001       0.000847
12.900       0.000001       0.000697
13.000       0.000001       0.000572
13.100       0.000000       0.000467
13.200       0.000000       0.000380
13.300       0.000000       0.000309
13.400      -0.000000       0.000250
13.500      -0.000000       0.000202
13.600      -0.000000       0.000162
13.700      -0.000000       0.000130
13.800      -0.000000       0.000104
13.900      -0.000000       0.000083
14.000      -0.000000       0.000066
14.100      -0.000000       0.000052
14.200      -0.000000       0.000041
14.300      -0.000000       0.000032
14.400      -0.000000       0.000025
14.500      -0.000000       0.000020
14.600      -0.000000       0.000015
14.700      -0.000000       0.000012
14.800      -0.000000       0.000009
14.900      -0.000000       0.000007
15.000      -0.000000       0.000005
15.100      -0.000000       0.000004
15.200      -0.000000       0.000003
15.300      -0.000000       0.000002
15.400      -0.000000       0.000002
15.500      -0.000000       0.000001
15.600      -0.000000       0.000001
15.700      -0.000000       0.000001
15.800      -0.000000       0.000001
15.900      -0.000000       0.000000
16.000      -0.000000       0.000000
16.100      -0.000000       0.000000
16.200      -0.000000       0.000000
16.300      -0.000000       0.000000
16.400      -0.000000       0.000000
16.500      -0.000000       0.000000
16.600      -0.000000       0.000000
16.700      -0.000000       0.000000
16.800      -0.000000       0.000000
16.900      -0.000000       0.000000
17.000      -0.000000       0.000000
17.100      -0.000000       0.000000
17.200      -0.000000       0.000000
17.300      -0.000000       0.000000
17.400      -0.000000       0.000000
17.500      -0.000000       0.000000
17.600      -0.000000       0.000000
17.700      -0.000000       0.000000
17.800      -0.000000       0.000000
17.900      -0.000000       0.000000
18.000      -0.000000       0.000000
18.100      -0.000000       0.000000
18.200      -0.000000       0.000000
18.300      -0.000000       0.000000
18.400      -0.000000       0.000000
18.500      -0.000000       0.000000
18.600      -0.000000       0.000000
18.700      -0.000000       0.000000
18.800      -0.000000       0.000000
18.900      -0.000000       0.000000
19.000      -0.000000       0.000000
19.100      -0.000000       0.000000

j = 1/2+    -29.2676
 0.000       0.000000       0.066877
 0.100       0.000923       0.065985
 0.200       0.001816       0.063350
 0.300       0.002653       0.059096
 0.400       0.003406       0.053418
 0.500       0.004053       0.046579
 0.600       0.004572       0.038887
 0.700       0.004949       0.030686
 0.800       0.005171       0.022334
 0.900       0.005235       0.014185
 1.000       0.005138       0.006571
 1.100       0.004886      -0.000215
 1.200       0.004490      -0.005934
 1.300       0.003966      -0.010411
 1.400       0.003335      -0.013541
 1.500       0.002621      -0.015296
 1.600       0.001853      -0.015719
 1.700       0.001060      -0.014922
 1.800       0.000273      -0.013077
 1.900      -0.000476      -0.010402
 2.000      -0.001158      -0.007151
 2.100      -0.001747      -0.003590
 2.200      -0.002220       0.000008
 2.300      -0.002560       0.003389
 2.400      -0.002754       0.006325
 2.500      -0.002796       0.008630
 2.600      -0.002689       0.010169
 2.700      -0.002438       0.010863
 2.800      -0.002059       0.010694
 2.900      -0.001572       0.009699
 3.000      -0.001001       0.007972
 3.100      -0.000376       0.005655
 3.200       0.000273       0.002922
 3.300       0.000911      -0.000022
 3.400       0.001508      -0.002964
 3.500       0.002032      -0.005689
 3.600       0.002456      -0.007999
 3.700       0.002757      -0.009720
 3.800       0.002918      -0.010714
 3.900       0.002929      -0.010888
 4.000       0.002785      -0.010198
 4.100       0.002491      -0.008653
 4.200       0.002056      -0.006312
 4.300       0.001499      -0.003285
 4.400       0.000842       0.000277
 4.500       0.000113       0.004187
 4.600      -0.000656       0.008230
 4.700      -0.001432       0.012178
 4.800      -0.002180       0.015797
 4.900      -0.002866       0.018859
 5.000      -0.003458       0.021154
 5.100      -0.003928       0.022499
 5.200      -0.004252       0.022743
 5.300      -0.004413       0.021780
 5.400      -0.004398       0.019545
 5.500      -0.004202       0.016022
 5.600      -0.003826       0.011243
 5.700      -0.003279       0.005284
 5.800      -0.002574      -0.001736
 5.900      -0.001732      -0.009662
 6.000      -0.000777      -0.018311
 6.100       0.000264      -0.027475
 6.200       0.001359      -0.036932
 6.300       0.002478      -0.046455
 6.400       0.003587      -0.055819
 6.500       0.004656      -0.064806
 6.600       0.005655      -0.073216
 6.700       0.006559      -0.080869
 6.800       0.007344      -0.087613
 6.900       0.007992      -0.093325
 7.000       0.008489      -0.097913
 7.100       0.008826      -0.101318
 7.200       0.008998      -0.103514
 7.300       0.009007      -0.104506
 7.400       0.008857      -0.104326
 7.500       0.008557      -0.103035
 7.600       0.008119      -0.100713
 7.700       0.007558      -0.097459
 7.800       0.006893      -0.093387
 7.900       0.006142      -0.088620
 8.000       0.005325      -0.083287
 8.100       0.004461      -0.077516
 8.200       0.003572      -0.071437
 8.300       0.002676      -0.065172
 8.400       0.001790      -0.058837
 8.500       0.000932      -0.052536
 8.600       0.000113      -0.046365
 8.700      -0.000653      -0.040404
 8.800      -0.001356      -0.034721
 8.900      -0.001990      -0.029371
 9.000      -0.002549      -0.024397
 9.100      -0.003030      -0.019828
 9.200      -0.003433      -0.015682
 9.300      -0.003758      -0.011966
 9.400      -0.004006      -0.008678
 9.500      -0.004183      -0.005809
 9.600      -0.004292      -0.003342
 9.700      -0.004340      -0.001254
 9.800      -0.004332       0.000479
 9.900      -0.004275       0.001887
10.000      -0.004175       0.003001
10.100      -0.004039       0.003852
10.200      -0.003875       0.004471
10.300      -0.003687       0.004889
10.400      -0.003482       0.005136
10.500      -0.003266       0.005239
10.600      -0.003042       0.005224
10.700      -0.002816       0.005114
10.800      -0.002590       0.004930
10.900      -0.002369       0.004690
11.000      -0.002154       0.004412
11.100      -0.001949       0.004107
11.200      -0.001753       0.003788
11.300      -0.001570       0.003465
11.400      -0.001398       0.003145
11.500      -0.001239       0.002833
11.600      -0.001093       0.002535
11.700      -0.000960       0.002254
11.800      -0.000839       0.001992
11.900      -0.000731       0.001751
12.000      -0.000633       0.001530
12.100      -0.000546       0.001329
12.200      -0.000470       0.001149
12.300      -0.000402       0.000989
12.400      -0.000343       0.000847
12.500      -0.000291       0.000722
12.600      -0.000246       0.000612
12.700      -0.000207       0.000517
12.800      -0.000174       0.000435
12.900      -0.000145       0.000364
13.000      -0.000121       0.000304
13.100      -0.000100       0.000252
13.200      -0.000083       0.000208
13.300      -0.000068       0.000172
13.400      -0.000056       0.000141
13.500      -0.000046       0.000115
13.600      -0.000037       0.000094
13.700      -0.000030       0.000076
13.800      -0.000025       0.000062
13.900      -0.000020       0.000050
14.000      -0.000016       0.000040
14.100      -0.000013       0.000032
14.200      -0.000010       0.000025
14.300      -0.000008       0.000020
14.400      -0.000006       0.000016
14.500      -0.000005       0.000013
14.600      -0.000004       0.000010
14.700      -0.000003       0.000008
14.800      -0.000002       0.000006
14.900      -0.000002       0.000005
15.000      -0.000001       0.000004
15.100      -0.000001       0.000003
15.200      -0.000001       0.000002
15.300      -0.000001       0.000002
15.400      -0.000001       0.000001
15.500      -0.000000       0.000001
15.600      -0.000000       0.000001
15.700      -0.000000       0.000001
15.800      -0.000000       0.000000
15.900      -0.000000       0.000000
16.000      -0.000000       0.000000
16.100      -0.000000       0.000000
16.200      -0.000000       0.000000
16.300      -0.000000       0.000000
16.400      -0.000000       0.000000
16.500      -0.000000       0.000000
16.600      -0.000000       0.000000
16.700      -0.000000       0.000000
16.800      -0.000000       0.000000
16.900      -0.000000       0.000000
17.000      -0.000000       0.000000
17.100      -0.000000       0.000000
17.200      -0.000000       0.000000
17.300      -0.000000       0.000000
17.400      -0.000000       0.000000
17.500      -0.000000       0.000000
17.600      -0.000000       0.000000
17.700      -0.000000       0.000000
17.800      -0.000000       0.000000
17.900      -0.000000       0.000000
18.000      -0.000000       0.000000
18.100      -0.000000       0.000000
18.200      -0.000000       0.000000
18.300      -0.000000       0.000000
18.400      -0.000000       0.000000
18.500      -0.000000       0.000000
18.600      -0.000000       0.000000
18.700      -0.000000       0.000000
18.800      -0.000000       0.000000
18.900      -0.000000       0.000000
19.000      -0.000000       0.000000
19.100      -0.000000       0.000000

j = 7/2-    -20.3127
  0.000      -0.000000       0.000000
  0.100      -0.000000       0.000024
  0.200      -0.000005       0.000192
  0.300      -0.000026       0.000643
  0.400      -0.000082       0.001507
  0.500      -0.000196       0.002902
  0.600      -0.000397       0.004930
  0.700      -0.000716       0.007673
  0.800      -0.001184       0.011191
  0.900      -0.001831       0.015520
  1.000      -0.002682       0.020670
  1.100      -0.003754       0.026628
  1.200      -0.005057       0.033352
  1.300      -0.006589       0.040779
  1.400      -0.008337       0.048822
  1.500      -0.010271       0.057373
  1.600      -0.012349       0.066309
  1.700      -0.014515       0.075489
  1.800      -0.016697       0.084764
  1.900      -0.018813       0.093980
  2.000      -0.020768       0.102976
  2.100      -0.022462       0.111596
  2.200      -0.023789       0.119687
  2.300      -0.024643       0.127108
  2.400      -0.024923       0.133725
  2.500      -0.024534       0.139424
  2.600      -0.023396       0.144107
  2.700      -0.021445       0.147694
  2.800      -0.018638       0.150128
  2.900      -0.014955       0.151372
  3.000      -0.010405       0.151414
  3.100      -0.005024       0.150259
  3.200       0.001121       0.147936
  3.300       0.007936       0.144494
  3.400       0.015298       0.139998
  3.500       0.023061       0.134530
  3.600       0.031054       0.128185
  3.700       0.039094       0.121069
  3.800       0.046984       0.113297
  3.900       0.054520       0.104989
  4.000       0.061502       0.096267
  4.100       0.067736       0.087256
  4.200       0.073041       0.078078
  4.300       0.077256       0.068849
  4.400       0.080246       0.059681
  4.500       0.081903       0.050679
  4.600       0.082154       0.041935
  4.700       0.080961       0.033534
  4.800       0.078324       0.025548
  4.900       0.074278       0.018039
  5.000       0.068895       0.011056
  5.100       0.062280       0.004637
  5.200       0.054569      -0.001193
  5.300       0.045924      -0.006418
  5.400       0.036527      -0.011034
  5.500       0.026575      -0.015045
  5.600       0.016277      -0.018464
  5.700       0.005843      -0.021312
  5.800      -0.004518      -0.023614
  5.900      -0.014605      -0.025404
  6.000      -0.024232      -0.026716
  6.100      -0.033227      -0.027589
  6.200      -0.041442      -0.028065
  6.300      -0.048754      -0.028185
  6.400      -0.055063      -0.027992
  6.500      -0.060299      -0.027527
  6.600      -0.064419      -0.026831
  6.700      -0.067408      -0.025943
  6.800      -0.069276      -0.024899
  6.900      -0.070057      -0.023734
  7.000      -0.069807      -0.022479
  7.100      -0.068600      -0.021162
  7.200      -0.066525      -0.019808
  7.300      -0.063683      -0.018441
  7.400      -0.060184      -0.017080
  7.500      -0.056143      -0.015740
  7.600      -0.051674      -0.014436
  7.700      -0.046894      -0.013180
  7.800      -0.041912      -0.011979
  7.900      -0.036834      -0.010840
  8.000      -0.031756      -0.009768
  8.100      -0.026764      -0.008766
  8.200      -0.021935      -0.007835
  8.300      -0.017333      -0.006975
  8.400      -0.013012      -0.006186
  8.500      -0.009013      -0.005466
  8.600      -0.005367      -0.004811
  8.700      -0.002092      -0.004220
  8.800       0.000801      -0.003688
  8.900       0.003311      -0.003211
  9.000       0.005446      -0.002787
  9.100       0.007217      -0.002410
  9.200       0.008644      -0.002077
  9.300       0.009750      -0.001784
  9.400       0.010561      -0.001528
  9.500       0.011104      -0.001304
  9.600       0.011411      -0.001109
  9.700       0.011509      -0.000940
  9.800       0.011430      -0.000795
  9.900       0.011200      -0.000669
 10.000       0.010848      -0.000562
 10.100       0.010398      -0.000471
 10.200       0.009874      -0.000393
 10.300       0.009296      -0.000327
 10.400       0.008682      -0.000271
 10.500       0.008050      -0.000224
 10.600       0.007412      -0.000185
 10.700       0.006781      -0.000152
 10.800       0.006165      -0.000125
 10.900       0.005572      -0.000102
 11.000       0.005007      -0.000083
 11.100       0.004476      -0.000067
 11.200       0.003980      -0.000055
 11.300       0.003521      -0.000044
 11.400       0.003099      -0.000036
 11.500       0.002716      -0.000029
 11.600       0.002368      -0.000023
 11.700       0.002056      -0.000018
 11.800       0.001777      -0.000015
 11.900       0.001530      -0.000012
 12.000       0.001311      -0.000009
 12.100       0.001119      -0.000007
 12.200       0.000951      -0.000006
 12.300       0.000805      -0.000004
 12.400       0.000679      -0.000004
 12.500       0.000570      -0.000003
 12.600       0.000477      -0.000002
 12.700       0.000398      -0.000002
 12.800       0.000330      -0.000001
 12.900       0.000273      -0.000001
 13.000       0.000225      -0.000001
 13.100       0.000185      -0.000001
 13.200       0.000151      -0.000000
 13.300       0.000124      -0.000000
 13.400       0.000100      -0.000000
 13.500       0.000081      -0.000000
 13.600       0.000066      -0.000000
 13.700       0.000053      -0.000000
 13.800       0.000042      -0.000000
 13.900       0.000034      -0.000000
 14.000       0.000027      -0.000000
 14.100       0.000021      -0.000000
 14.200       0.000017      -0.000000
 14.300       0.000013      -0.000000
 14.400       0.000010      -0.000000
 14.500       0.000008      -0.000000
 14.600       0.000006      -0.000000
 14.700       0.000005      -0.000000
 14.800       0.000004      -0.000000
 14.900       0.000003      -0.000000
 15.000       0.000002      -0.000000
 15.100       0.000002      -0.000000
 15.200       0.000001      -0.000000
 15.300       0.000001      -0.000000
 15.400       0.000001      -0.000000
 15.500       0.000001      -0.000000
 15.600       0.000000      -0.000000
 15.700       0.000000      -0.000000
 15.800       0.000000      -0.000000
 15.900       0.000000      -0.000000
 16.000       0.000000      -0.000000
 16.100       0.000000      -0.000000
 16.200       0.000000      -0.000000
 16.300       0.000000      -0.000000
 16.400       0.000000      -0.000000
 16.500       0.000000      -0.000000
 16.600       0.000000      -0.000000
 16.700       0.000000      -0.000000
 16.800       0.000000      -0.000000
 16.900       0.000000      -0.000000
 17.000       0.000000      -0.000000
 17.100       0.000000      -0.000000
 17.200       0.000000      -0.000000
 17.300       0.000000      -0.000000
 17.400       0.000000      -0.000000
 17.500       0.000000      -0.000000
 17.600       0.000000      -0.000000
 17.700       0.000000      -0.000000
 17.800       0.000000      -0.000000
 17.900       0.000000      -0.000000
 18.000       0.000000      -0.000000
 18.100       0.000000      -0.000000
 18.200       0.000000      -0.000000
 18.300       0.000000      -0.000000
 18.400       0.000000      -0.000000
 18.500       0.000000      -0.000000
 18.600       0.000000      -0.000000
 18.700       0.000000      -0.000000
 18.800       0.000000      -0.000000
 18.900       0.000000      -0.000000
 19.000       0.000000      -0.000000
 19.100       0.000000      -0.000000

j = 5/2-    -13.7360
 0.000      -0.000000       0.000000
 0.100      -0.000960       0.000015
 0.200      -0.003796       0.000116
 0.300      -0.008369       0.000388
 0.400      -0.014460       0.000911
 0.500      -0.021775       0.001756
 0.600      -0.029961       0.002988
 0.700      -0.038624       0.004657
 0.800      -0.047345       0.006805
 0.900      -0.055702       0.009455
 1.000      -0.063289       0.012619
 1.100      -0.069738       0.016291
 1.200      -0.074728       0.020449
 1.300      -0.078012       0.025057
 1.400      -0.079415       0.030061
 1.500      -0.078852       0.035395
 1.600      -0.076327       0.040979
 1.700      -0.071931       0.046720
 1.800      -0.065839       0.052518
 1.900      -0.058302       0.058263
 2.000      -0.049631       0.063843
 2.100      -0.040190       0.069140
 2.200      -0.030369       0.074040
 2.300      -0.020574       0.078430
 2.400      -0.011206       0.082204
 2.500      -0.002644       0.085265
 2.600       0.004773       0.087526
 2.700       0.010756       0.088914
 2.800       0.015084       0.089371
 2.900       0.017606       0.088858
 3.000       0.018250       0.087351
 3.100       0.017025       0.084848
 3.200       0.014015       0.081364
 3.300       0.009379       0.076934
 3.400       0.003339       0.071612
 3.500      -0.003827       0.065469
 3.600      -0.011801       0.058590
 3.700      -0.020236       0.051078
 3.800      -0.028771       0.043042
 3.900      -0.037047       0.034604
 4.000      -0.044717       0.025891
 4.100      -0.051464       0.017033
 4.200      -0.057009       0.008161
 4.300      -0.061118      -0.000597
 4.400      -0.063614      -0.009120
 4.500      -0.064378      -0.017291
 4.600      -0.063354      -0.025006
 4.700      -0.060542      -0.032173
 4.800      -0.056006      -0.038713
 4.900      -0.049860      -0.044561
 5.000      -0.042266      -0.049670
 5.100      -0.033426      -0.054007
 5.200      -0.023574      -0.057556
 5.300      -0.012965      -0.060315
 5.400      -0.001866      -0.062300
 5.500       0.009451      -0.063536
 5.600       0.020720      -0.064062
 5.700       0.031688      -0.063929
 5.800       0.042124      -0.063194
 5.900       0.051819      -0.061921
 6.000       0.060597      -0.060178
 6.100       0.068315      -0.058039
 6.200       0.074866      -0.055574
 6.300       0.080176      -0.052855
 6.400       0.084209      -0.049951
 6.500       0.086960      -0.046929
 6.600       0.088456      -0.043847
 6.700       0.088751      -0.040760
 6.800       0.087922      -0.037717
 6.900       0.086067      -0.034759
 7.000       0.083296      -0.031920
 7.100       0.079733      -0.029227
 7.200       0.075506      -0.026701
 7.300       0.070747      -0.024356
 7.400       0.065584      -0.022199
 7.500       0.060145      -0.020234
 7.600       0.054546      -0.018459
 7.700       0.048898      -0.016868
 7.800       0.043298      -0.015452
 7.900       0.037833      -0.014199
 8.000       0.032577      -0.013096
 8.100       0.027589      -0.012128
 8.200       0.022917      -0.011280
 8.300       0.018598      -0.010537
 8.400       0.014654      -0.009884
 8.500       0.011099      -0.009307
 8.600       0.007937      -0.008793
 8.700       0.005163      -0.008330
 8.800       0.002765      -0.007908
 8.900       0.000727      -0.007517
 9.000      -0.000974      -0.007149
 9.100      -0.002362      -0.006799
 9.200      -0.003465      -0.006462
 9.300      -0.004311      -0.006133
 9.400      -0.004929      -0.005810
 9.500      -0.005348      -0.005492
 9.600      -0.005596      -0.005178
 9.700      -0.005700      -0.004867
 9.800      -0.005683      -0.004560
 9.900      -0.005569      -0.004257
10.000      -0.005379      -0.003961
10.100      -0.005130      -0.003670
10.200      -0.004839      -0.003389
10.300      -0.004519      -0.003116
10.400      -0.004184      -0.002854
10.500      -0.003841      -0.002603
10.600      -0.003500      -0.002364
10.700      -0.003167      -0.002139
10.800      -0.002847      -0.001927
10.900      -0.002543      -0.001729
11.000      -0.002258      -0.001545
11.100      -0.001994      -0.001375
11.200      -0.001751      -0.001219
11.300      -0.001530      -0.001076
11.400      -0.001330      -0.000946
11.500      -0.001151      -0.000829
11.600      -0.000991      -0.000723
11.700      -0.000849      -0.000628
11.800      -0.000724      -0.000544
11.900      -0.000615      -0.000469
12.000      -0.000521      -0.000403
12.100      -0.000439      -0.000345
12.200      -0.000368      -0.000294
12.300      -0.000307      -0.000250
12.400      -0.000256      -0.000211
12.500      -0.000212      -0.000178
12.600      -0.000175      -0.000150
12.700      -0.000144      -0.000125
12.800      -0.000118      -0.000105
12.900      -0.000097      -0.000087
13.000      -0.000079      -0.000072
13.100      -0.000064      -0.000059
13.200      -0.000052      -0.000049
13.300      -0.000041      -0.000040
13.400      -0.000033      -0.000033
13.500      -0.000027      -0.000027
13.600      -0.000021      -0.000022
13.700      -0.000017      -0.000017
13.800      -0.000013      -0.000014
13.900      -0.000011      -0.000011
14.000      -0.000008      -0.000009
14.100      -0.000007      -0.000007
14.200      -0.000005      -0.000006
14.300      -0.000004      -0.000005
14.400      -0.000003      -0.000004
14.500      -0.000002      -0.000003
14.600      -0.000002      -0.000002
14.700      -0.000001      -0.000002
14.800      -0.000001      -0.000001
14.900      -0.000001      -0.000001
15.000      -0.000001      -0.000001
15.100      -0.000000      -0.000001
15.200      -0.000000      -0.000000
15.300      -0.000000      -0.000000
15.400      -0.000000      -0.000000
15.500      -0.000000      -0.000000
15.600      -0.000000      -0.000000
15.700      -0.000000      -0.000000
15.800      -0.000000      -0.000000
15.900      -0.000000      -0.000000
16.000      -0.000000      -0.000000
16.100      -0.000000      -0.000000
16.200      -0.000000      -0.000000
16.300      -0.000000      -0.000000
16.400      -0.000000      -0.000000
16.500      -0.000000      -0.000000
16.600      -0.000000      -0.000000
16.700      -0.000000      -0.000000
16.800      -0.000000      -0.000000
16.900      -0.000000      -0.000000
17.000      -0.000000      -0.000000
17.100      -0.000000      -0.000000
17.200      -0.000000      -0.000000
17.300      -0.000000      -0.000000
17.400      -0.000000      -0.000000
17.500      -0.000000      -0.000000
17.600      -0.000000      -0.000000
17.700      -0.000000      -0.000000
17.800      -0.000000      -0.000000
17.900      -0.000000      -0.000000
18.000      -0.000000      -0.000000
18.100      -0.000000      -0.000000
18.200      -0.000000      -0.000000
18.300      -0.000000      -0.000000
18.400      -0.000000      -0.000000
18.500      -0.000000      -0.000000
18.600      -0.000000      -0.000000
18.700      -0.000000      -0.000000
18.800      -0.000000      -0.000000
18.900      -0.000000      -0.000000
19.000      -0.000000      -0.000000
19.100      -0.000000      -0.000000

j = 3/2-    -13.0680
 0.000       0.000000      -0.000000
 0.100       0.003891      -0.008475
 0.200       0.015372      -0.016766
 0.300       0.033878      -0.024695
 0.400       0.058499      -0.032092
 0.500       0.088024      -0.038804
 0.600       0.120997      -0.044694
 0.700       0.155794      -0.049649
 0.800       0.190695      -0.053580
 0.900       0.223968      -0.056424
 1.000       0.253955      -0.058147
 1.100       0.279143      -0.058742
 1.200       0.298241      -0.058231
 1.300       0.310232      -0.056662
 1.400       0.314423      -0.054105
 1.500       0.310469      -0.050654
 1.600       0.298386      -0.046420
 1.700       0.278544      -0.041527
 1.800       0.251646      -0.036110
 1.900       0.218689      -0.030312
 2.000       0.180913      -0.024274
 2.100       0.139740      -0.018139
 2.200       0.096707      -0.012043
 2.300       0.053398      -0.006110
 2.400       0.011365      -0.000457
 2.500      -0.027929       0.004818
 2.600      -0.063178       0.009629
 2.700      -0.093283       0.013911
 2.800      -0.117390       0.017614
 2.900      -0.134919       0.020708
 3.000      -0.145578       0.023179
 3.100      -0.149362       0.025031
 3.200      -0.146542       0.026280
 3.300      -0.137642       0.026958
 3.400      -0.123400       0.027107
 3.500      -0.104730       0.026779
 3.600      -0.082675       0.026031
 3.700      -0.058352       0.024927
 3.800      -0.032905       0.023530
 3.900      -0.007454       0.021906
 4.000       0.016951       0.020119
 4.100       0.039367       0.018228
 4.200       0.058994       0.016291
 4.300       0.075195       0.014355
 4.400       0.087515       0.012467
 4.500       0.095687       0.010662
 4.600       0.099628       0.008969
 4.700       0.099431       0.007413
 4.800       0.095350       0.006009
 4.900       0.087776       0.004766
 5.000       0.077212       0.003687
 5.100       0.064243       0.002772
 5.200       0.049508       0.002014
 5.300       0.033671       0.001404
 5.400       0.017390       0.000929
 5.500       0.001295       0.000576
 5.600      -0.014039       0.000329
 5.700      -0.028106       0.000171
 5.800      -0.040483       0.000087
 5.900      -0.050842       0.000062
 6.000      -0.058951       0.000080
 6.100      -0.064677       0.000129
 6.200      -0.067981       0.000196
 6.300      -0.068912       0.000273
 6.400      -0.067594       0.000350
 6.500      -0.064220       0.000421
 6.600      -0.059033       0.000481
 6.700      -0.052317       0.000526
 6.800      -0.044380       0.000555
 6.900      -0.035541       0.000566
 7.000      -0.026122       0.000559
 7.100      -0.016429       0.000537
 7.200      -0.006751       0.000499
 7.300       0.002652       0.000449
 7.400       0.011555       0.000389
 7.500       0.019770       0.000321
 7.600       0.027147       0.000248
 7.700       0.033577       0.000172
 7.800       0.038991       0.000095
 7.900       0.043353       0.000020
 8.000       0.046663      -0.000051
 8.100       0.048948      -0.000118
 8.200       0.050262      -0.000178
 8.300       0.050677      -0.000232
 8.400       0.050280      -0.000279
 8.500       0.049169      -0.000317
 8.600       0.047449      -0.000349
 8.700       0.045227      -0.000372
 8.800       0.042607      -0.000388
 8.900       0.039692      -0.000398
 9.000       0.036577      -0.000402
 9.100       0.033348      -0.000400
 9.200       0.030083      -0.000393
 9.300       0.026850      -0.000382
 9.400       0.023704      -0.000368
 9.500       0.020693      -0.000351
 9.600       0.017853      -0.000332
 9.700       0.015210      -0.000312
 9.800       0.012782      -0.000291
 9.900       0.010580      -0.000269
10.000       0.008607      -0.000247
10.100       0.006860      -0.000226
10.200       0.005334      -0.000205
10.300       0.004016      -0.000185
10.400       0.002894      -0.000167
10.500       0.001953      -0.000149
10.600       0.001175      -0.000132
10.700       0.000545      -0.000117
10.800       0.000044      -0.000103
10.900      -0.000343      -0.000090
11.000      -0.000634      -0.000078
11.100      -0.000841      -0.000068
11.200      -0.000980      -0.000059
11.300      -0.001063      -0.000051
11.400      -0.001100      -0.000043
11.500      -0.001102      -0.000037
11.600      -0.001076      -0.000031
11.700      -0.001030      -0.000027
11.800      -0.000970      -0.000022
11.900      -0.000901      -0.000019
12.000      -0.000827      -0.000016
12.100      -0.000751      -0.000013
12.200      -0.000675      -0.000011
12.300      -0.000602      -0.000009
12.400      -0.000532      -0.000007
12.500      -0.000467      -0.000006
12.600      -0.000407      -0.000005
12.700      -0.000353      -0.000004
12.800      -0.000304      -0.000003
12.900      -0.000260      -0.000003
13.000      -0.000221      -0.000002
13.100      -0.000187      -0.000002
13.200      -0.000157      -0.000001
13.300      -0.000132      -0.000001
13.400      -0.000110      -0.000001
13.500      -0.000091      -0.000001
13.600      -0.000075      -0.000001
13.700      -0.000062      -0.000000
13.800      -0.000051      -0.000000
13.900      -0.000041      -0.000000
14.000      -0.000034      -0.000000
14.100      -0.000027      -0.000000
14.200      -0.000022      -0.000000
14.300      -0.000018      -0.000000
14.400      -0.000014      -0.000000
14.500      -0.000011      -0.000000
14.600      -0.000009      -0.000000
14.700      -0.000007      -0.000000
14.800      -0.000006      -0.000000
14.900      -0.000004      -0.000000
15.000      -0.000003      -0.000000
15.100      -0.000003      -0.000000
15.200      -0.000002      -0.000000
15.300      -0.000002      -0.000000
15.400      -0.000001      -0.000000
15.500      -0.000001      -0.000000
15.600      -0.000001      -0.000000
15.700      -0.000001      -0.000000
15.800      -0.000000      -0.000000
15.900      -0.000000      -0.000000
16.000      -0.000000      -0.000000
16.100      -0.000000      -0.000000
16.200      -0.000000      -0.000000
16.300      -0.000000      -0.000000
16.400      -0.000000      -0.000000
16.500      -0.000000      -0.000000
16.600      -0.000000      -0.000000
16.700      -0.000000      -0.000000
16.800      -0.000000      -0.000000
16.900      -0.000000      -0.000000
17.000      -0.000000      -0.000000
17.100      -0.000000      -0.000000
17.200      -0.000000      -0.000000
17.300      -0.000000      -0.000000
17.400      -0.000000      -0.000000
17.500      -0.000000      -0.000000
17.600      -0.000000      -0.000000
17.700      -0.000000      -0.000000
17.800      -0.000000      -0.000000
17.900      -0.000000      -0.000000
18.000      -0.000000      -0.000000
18.100      -0.000000      -0.000000
18.200      -0.000000      -0.000000
18.300      -0.000000      -0.000000
18.400      -0.000000      -0.000000
18.500      -0.000000      -0.000000
18.600      -0.000000      -0.000000
18.700      -0.000000      -0.000000
18.800      -0.000000      -0.000000
18.900      -0.000000      -0.000000
19.000      -0.000000      -0.000000
19.100      -0.000000      -0.000000

j = 1/2-    -11.2781
 0.000      -0.317983       0.000000
 0.100      -0.314927       0.003378
 0.200      -0.305865       0.006927
 0.300      -0.291106       0.010804
 0.400      -0.271152       0.015148
 0.500      -0.246677       0.020070
 0.600      -0.218499       0.025643
 0.700      -0.187549       0.031898
 0.800      -0.154830       0.038822
 0.900      -0.121382       0.046359
 1.000      -0.088237       0.054407
 1.100      -0.056386       0.062829
 1.200      -0.026734       0.071453
 1.300      -0.000073       0.080084
 1.400       0.022944       0.088512
 1.500       0.041829       0.096522
 1.600       0.056267       0.103906
 1.700       0.066125       0.110470
 1.800       0.071446       0.116043
 1.900       0.072445       0.120488
 2.000       0.069486       0.123705
 2.100       0.063070       0.125637
 2.200       0.053797       0.126270
 2.300       0.042347       0.125632
 2.400       0.029440       0.123796
 2.500       0.015811       0.120869
 2.600       0.002175       0.116989
 2.700      -0.010800       0.112320
 2.800      -0.022520       0.107040
 2.900      -0.032482       0.101336
 3.000      -0.040296       0.095394
 3.100      -0.045688       0.089392
 3.200      -0.048511       0.083492
 3.300      -0.048743       0.077835
 3.400      -0.046476       0.072535
 3.500      -0.041915       0.067678
 3.600      -0.035354       0.063320
 3.700      -0.027166       0.059485
 3.800      -0.017777       0.056169
 3.900      -0.007651       0.053343
 4.000       0.002734       0.050954
 4.100       0.012908       0.048934
 4.200       0.022423       0.047199
 4.300       0.030876       0.045663
 4.400       0.037916       0.044235
 4.500       0.043262       0.042829
 4.600       0.046704       0.041367
 4.700       0.048113       0.039782
 4.800       0.047437       0.038021
 4.900       0.044701       0.036048
 5.000       0.040002       0.033845
 5.100       0.033501       0.031408
 5.200       0.025412       0.028754
 5.300       0.015994       0.025909
 5.400       0.005538       0.022916
 5.500      -0.005647       0.019825
 5.600      -0.017240       0.016693
 5.700      -0.028927       0.013582
 5.800      -0.040405       0.010553
 5.900      -0.051393       0.007665
 6.000      -0.061641       0.004973
 6.100      -0.070933       0.002525
 6.200      -0.079092       0.000359
 6.300      -0.085985      -0.001495
 6.400      -0.091520      -0.003019
 6.500      -0.095646      -0.004203
 6.600      -0.098354      -0.005050
 6.700      -0.099669      -0.005570
 6.800      -0.099651      -0.005784
 6.900      -0.098388      -0.005718
 7.000      -0.095988      -0.005406
 7.100      -0.092580      -0.004883
 7.200      -0.088304      -0.004189
 7.300      -0.083306      -0.003365
 7.400      -0.077738      -0.002451
 7.500      -0.071747      -0.001485
 7.600      -0.065476      -0.000503
 7.700      -0.059058       0.000462
 7.800      -0.052618       0.001383
 7.900      -0.046266       0.002237
 8.000      -0.040097       0.003004
 8.100      -0.034191       0.003671
 8.200      -0.028616       0.004228
 8.300      -0.023422       0.004672
 8.400      -0.018645       0.005002
 8.500      -0.014310       0.005220
 8.600      -0.010427       0.005333
 8.700      -0.006997       0.005348
 8.800      -0.004013       0.005275
 8.900      -0.001457       0.005126
 9.000       0.000692       0.004912
 9.100       0.002461       0.004646
 9.200       0.003881       0.004340
 9.300       0.004985       0.004004
 9.400       0.005806       0.003651
 9.500       0.006378       0.003288
 9.600       0.006735       0.002925
 9.700       0.006909       0.002569
 9.800       0.006928       0.002227
 9.900       0.006823       0.001902
10.000       0.006617       0.001600
10.100       0.006334       0.001321
10.200       0.005995       0.001069
10.300       0.005616       0.000843
10.400       0.005213       0.000643
10.500       0.004799       0.000470
10.600       0.004383       0.000322
10.700       0.003975       0.000196
10.800       0.003580       0.000093
10.900       0.003204       0.000009
11.000       0.002851      -0.000058
11.100       0.002521      -0.000109
11.200       0.002218      -0.000147
11.300       0.001941      -0.000173
11.400       0.001690      -0.000189
11.500       0.001464      -0.000198
11.600       0.001262      -0.000200
11.700       0.001083      -0.000197
11.800       0.000925      -0.000191
11.900       0.000787      -0.000181
12.000       0.000666      -0.000170
12.100       0.000562      -0.000157
12.200       0.000472      -0.000144
12.300       0.000395      -0.000131
12.400       0.000329      -0.000117
12.500       0.000273      -0.000105
12.600       0.000226      -0.000093
12.700       0.000186      -0.000081
12.800       0.000153      -0.000071
12.900       0.000125      -0.000061
13.000       0.000102      -0.000053
13.100       0.000082      -0.000045
13.200       0.000067      -0.000039
13.300       0.000054      -0.000033
13.400       0.000043      -0.000028
13.500       0.000035      -0.000023
13.600       0.000028      -0.000019
13.700       0.000022      -0.000016
13.800       0.000017      -0.000013
13.900       0.000014      -0.000011
14.000       0.000011      -0.000009
14.100       0.000008      -0.000007
14.200       0.000007      -0.000006
14.300       0.000005      -0.000005
14.400       0.000004      -0.000004
14.500       0.000003      -0.000003
14.600       0.000002      -0.000003
14.700       0.000002      -0.000002
14.800       0.000001      -0.000002
14.900       0.000001      -0.000001
15.000       0.000001      -0.000001
15.100       0.000001      -0.000001
15.200       0.000000      -0.000001
15.300       0.000000      -0.000000
15.400       0.000000      -0.000000
15.500       0.000000      -0.000000
15.600       0.000000      -0.000000
15.700       0.000000      -0.000000
15.800       0.000000      -0.000000
15.900       0.000000      -0.000000
16.000       0.000000      -0.000000
16.100       0.000000      -0.000000
16.200       0.000000      -0.000000
16.300       0.000000      -0.000000
16.400       0.000000      -0.000000
16.500       0.000000      -0.000000
16.600       0.000000      -0.000000
16.700       0.000000      -0.000000
16.800       0.000000      -0.000000
16.900       0.000000      -0.000000
17.000       0.000000      -0.000000
17.100       0.000000      -0.000000
17.200       0.000000      -0.000000
17.300       0.000000      -0.000000
17.400       0.000000      -0.000000
17.500       0.000000      -0.000000
17.600       0.000000      -0.000000
17.700       0.000000      -0.000000
17.800       0.000000      -0.000000
17.900       0.000000      -0.000000
18.000       0.000000      -0.000000
18.100       0.000000      -0.000000
18.200       0.000000      -0.000000
18.300       0.000000      -0.000000
18.400       0.000000      -0.000000
18.500       0.000000      -0.000000
18.600       0.000000      -0.000000
18.700       0.000000      -0.000000
18.800       0.000000      -0.000000
18.900       0.000000      -0.000000
19.000       0.000000      -0.000000
19.100       0.000000      -0.000000

j = 9/2+     -7.3142
 0.000      -0.000000       0.000000
 0.100      -0.000000       0.000000
 0.200      -0.000000       0.000004
 0.300      -0.000001       0.000018
 0.400      -0.000002       0.000056
 0.500      -0.000007       0.000134
 0.600      -0.000017       0.000272
 0.700      -0.000036       0.000492
 0.800      -0.000067       0.000816
 0.900      -0.000114       0.001266
 1.000      -0.000182       0.001859
 1.100      -0.000273       0.002612
 1.200      -0.000391       0.003532
 1.300      -0.000536       0.004623
 1.400      -0.000708       0.005878
 1.500      -0.000903       0.007282
 1.600      -0.001117       0.008809
 1.700      -0.001341       0.010426
 1.800      -0.001566       0.012088
 1.900      -0.001779       0.013741
 2.000      -0.001968       0.015328
 2.100      -0.002119       0.016781
 2.200      -0.002217       0.018032
 2.300      -0.002251       0.019013
 2.400      -0.002209       0.019657
 2.500      -0.002084       0.019902
 2.600      -0.001872       0.019697
 2.700      -0.001571       0.018999
 2.800      -0.001186       0.017783
 2.900      -0.000725       0.016036
 3.000      -0.000203       0.013768
 3.100       0.000364       0.011005
 3.200       0.000955       0.007793
 3.300       0.001547       0.004197
 3.400       0.002115       0.000299
 3.500       0.002633      -0.003802
 3.600       0.003078      -0.007996
 3.700       0.003428      -0.012164
 3.800       0.003663      -0.016181
 3.900       0.003769      -0.019923
 4.000       0.003738      -0.023269
 4.100       0.003565      -0.026108
 4.200       0.003254      -0.028341
 4.300       0.002814      -0.029886
 4.400       0.002258      -0.030682
 4.500       0.001607      -0.030691
 4.600       0.000884      -0.029900
 4.700       0.000119      -0.028320
 4.800      -0.000661      -0.025990
 4.900      -0.001423      -0.022974
 5.000      -0.002139      -0.019355
 5.100      -0.002779      -0.015240
 5.200      -0.003319      -0.010752
 5.300      -0.003737      -0.006022
 5.400      -0.004016      -0.001195
 5.500      -0.004146       0.003584
 5.600      -0.004122       0.008172
 5.700      -0.003944       0.012432
 5.800      -0.003620       0.016234
 5.900      -0.003162       0.019467
 6.000      -0.002586       0.022035
 6.100      -0.001915       0.023862
 6.200      -0.001173       0.024894
 6.300      -0.000386       0.025101
 6.400       0.000418       0.024474
 6.500       0.001212       0.023027
 6.600       0.001969       0.020798
 6.700       0.002665       0.017842
 6.800       0.003278       0.014230
 6.900       0.003789       0.010050
 7.000       0.004183       0.005399
 7.100       0.004451       0.000384
 7.200       0.004587      -0.004885
 7.300       0.004588      -0.010295
 7.400       0.004457      -0.015738
 7.500       0.004201      -0.021107
 7.600       0.003829      -0.026303
 7.700       0.003353      -0.031237
 7.800       0.002789      -0.035830
 7.900       0.002153      -0.040015
 8.000       0.001461      -0.043738
 8.100       0.000734      -0.046958
 8.200      -0.000013      -0.049648
 8.300      -0.000762      -0.051793
 8.400      -0.001497      -0.053389
 8.500      -0.002203      -0.054445
 8.600      -0.002867      -0.054979
 8.700      -0.003479      -0.055017
 8.800      -0.004030      -0.054594
 8.900      -0.004514      -0.053749
 9.000      -0.004925      -0.052525
 9.100      -0.005261      -0.050970
 9.200      -0.005522      -0.049131
 9.300      -0.005710      -0.047057
 9.400      -0.005826      -0.044795
 9.500      -0.005874      -0.042391
 9.600      -0.005860      -0.039888
 9.700      -0.005789      -0.037328
 9.800      -0.005668      -0.034747
 9.900      -0.005503      -0.032177
10.000      -0.005301      -0.029648
10.100      -0.005069      -0.027183
10.200      -0.004813      -0.024805
10.300      -0.004539      -0.022529
10.400      -0.004254      -0.020368
10.500      -0.003962      -0.018332
10.600      -0.003669      -0.016427
10.700      -0.003378      -0.014656
10.800      -0.003093      -0.013021
10.900      -0.002817      -0.011520
11.000      -0.002552      -0.010150
11.100      -0.002301      -0.008907
11.200      -0.002064      -0.007785
11.300      -0.001843      -0.006777
11.400      -0.001638      -0.005877
11.500      -0.001449      -0.005077
11.600      -0.001275      -0.004369
11.700      -0.001118      -0.003746
11.800      -0.000976      -0.003200
11.900      -0.000848      -0.002723
12.000      -0.000734      -0.002309
12.100      -0.000633      -0.001951
12.200      -0.000543      -0.001643
12.300      -0.000464      -0.001378
12.400      -0.000396      -0.001152
12.500      -0.000336      -0.000960
12.600      -0.000284      -0.000797
12.700      -0.000239      -0.000659
12.800      -0.000200      -0.000544
12.900      -0.000167      -0.000447
13.000      -0.000139      -0.000366
13.100      -0.000115      -0.000299
13.200      -0.000095      -0.000243
13.300      -0.000079      -0.000197
13.400      -0.000064      -0.000159
13.500      -0.000053      -0.000128
13.600      -0.000043      -0.000103
13.700      -0.000035      -0.000082
13.800      -0.000028      -0.000066
13.900      -0.000023      -0.000052
14.000      -0.000018      -0.000042
14.100      -0.000015      -0.000033
14.200      -0.000012      -0.000026
14.300      -0.000009      -0.000020
14.400      -0.000007      -0.000016
14.500      -0.000006      -0.000012
14.600      -0.000005      -0.000010
14.700      -0.000004      -0.000008
14.800      -0.000003      -0.000006
14.900      -0.000002      -0.000004
15.000      -0.000002      -0.000003
15.100      -0.000001      -0.000003
15.200      -0.000001      -0.000002
15.300      -0.000001      -0.000002
15.400      -0.000001      -0.000001
15.500      -0.000000      -0.000001
15.600      -0.000000      -0.000001
15.700      -0.000000      -0.000001
15.800      -0.000000      -0.000000
15.900      -0.000000      -0.000000
16.000      -0.000000      -0.000000
16.100      -0.000000      -0.000000
16.200      -0.000000      -0.000000
16.300      -0.000000      -0.000000
16.400      -0.000000      -0.000000
16.500      -0.000000      -0.000000
16.600      -0.000000      -0.000000
16.700      -0.000000      -0.000000
16.800      -0.000000      -0.000000
16.900      -0.000000      -0.000000
17.000      -0.000000      -0.000000
17.100      -0.000000      -0.000000
17.200      -0.000000      -0.000000
17.300      -0.000000      -0.000000
17.400      -0.000000      -0.000000
17.500      -0.000000      -0.000000
17.600      -0.000000      -0.000000
17.700      -0.000000      -0.000000
17.800      -0.000000      -0.000000
17.900      -0.000000      -0.000000
18.000      -0.000000      -0.000000
18.100      -0.000000      -0.000000
18.200      -0.000000      -0.000000
18.300      -0.000000      -0.000000
18.400      -0.000000      -0.000000
18.500      -0.000000      -0.000000
18.600      -0.000000      -0.000000
18.700      -0.000000      -0.000000
18.800      -0.000000      -0.000000
18.900      -0.000000      -0.000000
19.000      -0.000000      -0.000000
19.100      -0.000000      -0.000000
